0001001001000000000000000000000000000000000000000000000000000
0000001001000001100010000010000000000000000000000000000000000
0000011001010000000001000011011000000000000000000001010000000
0000011001010000000001000011011000000000000000000001011000000
0001101010000000000000000000000000000000000000000000000000000
0000001001000001100010000010000010000000000000000000000000000
0000011001010000000001000011011000001000000000000001010000000
0000011001010000000001000011011000001000000000000001011000000
0000010010100000000000000000000000000001000000111000000000000
0000001001000001100010000010000100000000000000000000000000000
0000010101000000000000000000000000000000010000000000000000000
0000010101000000000000000000000000000000010000000000000000000
0000001001000000010000010011000000000000000000000000000000000
0000001001000001100000100010000000000000000000000000000000000
0000001001000001000001000000101000001000000000000000000000000
0000001110010000000001000000000000000000000000000000000000000
0000101000000000000000000000000001110000000000000000000000000
0000101000100000000000000000000001100000000000000000000000000
0011111001010000011000000000000000000000000000000001010000000
0011111001010000011000000000000000000000000000000001010000000
0000001001000001011000010111000000000000000000000000000000000
0000001001000001011000010100110000001000000000000000000000000
0000001001000000010000010000100000001000000000000000000000000
0000001000001000000010000000000110010000000000000000000000000
0000001000101000000010000000000110000000000000000000000000000
0000101100101000000000000000000001010000000000000000000000000
0000011110000000000000000000000000000001000000110000000000000
0000001001000001100100000000000000010000000000000000000000000
0000101110001001001000000100000001010000000000000000000000000
0000101110101000000000000000000001000000000000000000000000000
0000001001000000010100001000000000010000000000000000000000000
0000001001000001100100000000000000000000000000000000000000000
0100000000000010000000000000000000000000000000000000000000000
0000110000101000000000000000000001010000000000000000000000000
0000010110010000000000000000000000000001000000110000000000000
0000010000000100000100000000000000010000000000000000000000000
0000110010001000000000000000000001010000000000000000000000000
0000010010010000000000000000000000000000000000110000000000000
0000010001000000010100001000000000000000000000000000000000000
0000011010110000000000000000000000000001000000111000000000000
0000011010010000000000000000000000000001000000111000000000000
0000110100100000000000000000000001110000000000000000000000000
0000010100000000000000000000000000000011001000101000000000000
1000000000010000000000000000000000000000000000000000000110000
0000110110001000000000000000000001010000000000000000000000000
0000110110101000000000000000000001010000000000000000000000000
0000001101000000100100000000000000000000001000000000000000000
0010110100100000000000000000000000000000100000000000100000111
0000000000000000000000000000000000000000000000000000000000000
0000111000101000000000000000000001010000000000000000000000000
0010110110110000000000000000000000010000100000000000000001000
0000001001000000010100001000000000000000000000000000000000000
0000111010000000000000000000000001110000000000000000000000000
0000111010100000000000000000000001110000000000000000000000000
0000010011101000000000000000000000000000000100000000000000000
0000011000110000000000000000000000000000000001000000000000000
0000000000000000000000000000000000000000000000000000000000000
0000010101001000000000000000000000000000010010000000000000000
0000010101001000000000000000000000000000010010000010000000000
0000000000000000000000000000000000000000000000000000000000000
0000001001000000000000000000000000000101000000100000000000000
0000010101001000000000000000000000000000010010000000000000000
0000000000000000000000000000000000000000000000000000000000000
0000000000000000000000000000000000000000000000000000000000000


