00100100100000000000000000000000000000000000000000
00000100100000110001000001000000000000000000000000
00001001011000000000100001101100000000000000000000
00001100001000000000100001101100000000000000000000
00110101000000000000000000000000000000000000000000
00000100100000110001000001000001000000000000000000
00001100111000000000100001101100000100000000000000
00001110001000000000100001101100000100000000000000
00001111010000000000000000000000000000100000011100
00000100100000110001000001000010000000000000000000
00001010100100000000000000000000000000001001000000
00001010100100000000000000000000000000001001000000
00000100100000001000001001100000000000000000000000
00000100100000110000010001000000000000000000000000
00000100100000100000100000010100000100000000000000
00000111001000000000100000000000000000000000000000
00010100000000000000000000000000111000000000000000
00010100010000000000000000000000110000000000000000
01111100101000001100000000000000000000000000000000
01111100101000001100000000000000000000000000000000
00000100100000101100001011100000000000000000000000
00000100100000101100001010011000000100000000000000
00000100100000001000001000010000000100000000000000
00000100000100000001000000000011001000000000000000
00000100010100000001000000000011000000000000000000
00010110010100000000000000000000101000000000000000
00001111000000000000000000000000000000100000011000
00000100100000110010000000000000001000000000000000
00010111000100100100000010000000101000000000000000
00010111010100000000000000000000100000000000000000
00000100100000001010000100000000001000000000000000
00000100100000110010000000000000000000000000000000
10000000000001000000000000000000000000000000000000
00011000010100000000000000000000101000000000000000
00001011001000000000000000000000000000100000011000
00001000000010000010000000000000001000000000000000
00011001000100000000000000000000101000000000000000
00000111010000000000000000000000000000010000000000
00001000100000001010000100000000000000000000000000
00001010100100000000000000000000000000001001000000
00001010100100000000000000000000000000001001000000
00001010100100000000000000000000000000001001000000
00001010110000000000000000000000000001100100010100
00001101001000000000000000000000000000100000011100
00011011000100000000000000000000101000000000000000
00001010100100000000000000000000000000001001000000
00000110100000010010000000000000000000000100000000
00001101011000000000000000000000000000100000011100
01010110000000000000000000000000000000010000000000
00001010100100000000000000000000000000001001000000
01011000010000000000000000000000000000010000000000
01010110010000000000000000000000000000010000000000
00011101000000000000000000000000111000000000000000
00011101010000000000000000000000111000000000000000
00001011110100000000000000000000000000000010000000
00001110011000000000000000000000000000000000100000
01010101110000000000000000000000000000010000000000
00011110010100000000000000000000101000000000000000
00001010100100000000000000000000000000001001000001
00000100100000001010000100000000000000000000000000
00000100100000000000000000000000000010100000010000
00001001001000000000000000000000000000000000011000
00000000000000000000000000000000000000000000000000
00000000000000000000000000000000000000000000000000



